1 2 1 2 3 1 1 5 0.247 0.1901092
1 2 1 2 3 1 3 7 0.308 0.2777315
2 3 1 2 3 1 1 5 0.473 0.11
2 3 1 2 3 1 2 6 0.122 0.213
2 3 1 2 3 1 3 7 0.111 0.065
2 3 1 2 3 1 3 7 0.21 0.128
2 3 1 2 3 1 3 7 0.209 0.074
3 4 2 1 3 1 1 1 0.868 0.043
3 4 3 1 3 1 1 1 0.818 0.082
4 5 4 1 3 1 1 1 0.83 0.074
4 5 4 1 3 1 3 3 0.258 0.116
5 6 5 1 3 1 1 1 0.181 0.368
5 6 5 1 3 1 2 2 0.707 0.143
5 6 6 2 3 1 3 7 0.114 0.129
6 7 7 2 1 1 3 7 -0.001 0.038
6 7 7 2 1 1 3 7 0.02836005 0.02670737
6 7 7 2 1 1 3 7 0.04774536 0.04395303
6 7 7 2 2 1 3 7 -0.022 0.034
6 7 7 2 2 1 3 7 0.054 0.028
6 7 7 2 2 1 3 7 0.1 0.043
6 7 7 2 3 1 3 7 0.072 0.045
6 7 7 2 3 1 3 7 0.153 0.029
6 7 7 2 3 1 3 7 0.25 0.042
6 7 7 2 4 1 3 7 0.198 0.066
6 7 7 2 4 1 3 7 0.265 0.033
6 7 7 2 4 1 3 7 0.37 0.05
7 9 4 1 3 1 1 1 0.865 0.044
7 9 4 1 3 1 2 2 0.084 0.155
7 9 4 1 3 1 2 2 0.016 0.041
7 9 4 1 3 1 3 3 0.31 0.065
7 9 4 1 3 1 3 3 -0.014 0.036
7 9 4 1 3 1 3 3 0.053 0.092
7 9 4 1 3 1 3 3 0.27 0.052
7 9 4 1 3 1 3 3 0.238 0.148
7 9 4 1 3 1 3 3 0.288 0.08
7 9 4 1 3 1 4 4 0.444 0.057
7 9 4 1 3 1 4 4 0.64 0.072
7 9 4 1 3 1 4 4 0.077 0.044
8 10 2 1 3 1 1 1 0.716 0.027
8 10 2 1 3 1 2 2 0.139 0.003
8 10 2 1 3 1 2 2 0.074 0.003
8 10 2 1 3 1 2 2 0.128 0.2
8 10 2 1 3 1 2 2 0.015 0.008
8 10 2 1 3 1 3 3 0.168 0.028
9 11 9 2 3 1 4 8 0.347 0.041
9 11 9 2 3 1 4 8 0.3 0.03
10 12 10 2 2 1 1 5 -0.024 0.05
10 12 10 2 2 1 1 5 0.03 0.035
10 12 10 2 3 1 1 5 0.566 0.1
10 12 10 2 4 1 1 5 0.58 0.1
11 13 11 1 3 1 4 4 0.61 0.077
11 13 11 1 3 1 4 4 0.378 0.056
11 13 11 1 3 1 4 4 0.39 0.054
12 15 12 2 3 1 1 5 0.417 0.138
13 19 13 1 3 1 3 3 0.317 0.1111601
13 19 13 1 3 1 2 2 0.197 0.2542877
13 19 13 1 3 1 1 1 0.779 0.1397771
14 20 9 2 3 1 3 7 0.143 0.079
14 20 9 2 3 1 1 5 -0.081 0.21
14 20 9 2 3 1 2 6 -0.048 0.146
15 21 13 1 1 1 3 3 0.165 0.084
15 21 13 1 2 1 3 3 0.119 0.074
15 21 13 1 1 1 3 3 0.027 0.063
15 21 13 1 2 1 3 3 0.054 0.049
16 23 14 1 3 1 4 4 0.2 0.05
16 23 14 1 3 1 3 3 0.3 0.1
16 23 14 1 3 1 3 3 0.25 0.1
17 24 13 1 2 1 4 4 0.202 0.074
17 24 13 1 1 1 4 4 0.123 0.066
17 24 13 1 2 1 4 4 0.121 0.064
17 24 13 1 1 1 4 4 0.064 0.077
18 25 15 1 3 1 4 4 0.296 0.04
18 25 15 1 3 1 4 4 0.236 0.063
18 25 15 1 4 1 1 1 0.892 0.053
18 25 15 1 3 1 1 1 0.539 0.124
18 25 15 1 4 1 3 3 0.127 0.091
18 25 15 1 3 1 3 3 0.045 0.079
19 26 11 1 3 1 3 3 0.199 0.033
19 26 11 1 3 1 3 3 0.189 0.047
19 26 11 1 3 1 1 1 0.545 0.118
19 26 11 1 3 1 2 2 0.074 0.054
19 26 11 1 3 1 3 3 0.238 0.05
20 27 10 2 3 1 2 6 0.143 0.268
21 28 5 1 3 1 1 1 0.717 0.061
22 29 5 1 3 1 3 3 0.33 0.022
22 29 5 1 3 1 3 3 0.29 0.021
23 32 15 2 3 1 4 8 0.251 0.028
23 32 15 2 3 1 4 8 0.439 0.033
23 32 15 2 3 1 4 8 0.171 0.057
23 32 16 2 3 1 4 8 0.333 0.036
23 32 16 2 3 1 4 8 0.49 0.04
23 32 16 2 3 1 4 8 0.045 0.072
23 32 17 2 3 1 4 8 0.395 0.108
23 32 17 2 3 1 4 8 0.474 0.159
23 32 17 2 3 1 4 8 0.04 0.077
24 33 8 1 3 1 3 3 0.244 0.005
24 33 8 1 3 1 3 3 0.177 0.006
24 33 8 1 3 1 3 3 0.219 0.005
24 33 8 1 3 1 2 2 -0.054 0.005
25 34 15 1 1 1 3 3 0.054 0.039
25 34 15 1 1 1 3 3 0.069 0.036
25 34 15 1 2 1 3 3 0.151 0.024
25 34 15 1 2 1 3 3 0.202 0.028
25 34 15 1 2 1 2 2 0.036 0.01
25 34 15 1 2 1 3 3 0.135 0.014
26 35 15 1 1 1 3 3 0.048 0.033
26 35 15 1 2 1 3 3 0.046 0.05
26 35 15 1 3 1 3 3 0.053 0.056
26 35 15 1 1 1 3 3 0.062 0.036
26 35 15 1 2 1 3 3 0.055 0.055
26 35 15 1 3 1 3 3 0.048 0.068
26 35 15 1 1 1 3 3 0.183 0.076
26 35 15 1 2 1 3 3 0.195 0.094
26 35 15 1 3 1 3 3 0.305 0.131
27 36 15 1 1 1 1 1 0.314 0.073
27 36 15 1 2 1 1 1 0.486 0.088
27 36 15 1 3 1 1 1 0.958 0.015
28 38 10 2 1 1 4 8 0.05 0.154
28 38 10 2 1 1 4 8 -0.03 0.459
28 38 10 2 2 1 4 8 0.06 0.208
28 38 10 2 2 1 4 8 0.01 0.489
28 38 10 2 3 1 4 8 0.15 0.171
28 38 10 2 3 1 4 8 0.07 0.448
28 38 10 2 4 1 4 8 0.19 0.233
28 38 10 2 4 1 4 8 0.11 0.552
29 40 7 2 4 1 3 7 0.264 0.026
29 40 7 2 4 1 3 7 0.376 0.047
30 41 5 1 3 1 3 3 0.326 0.142
31 42 14 1 3 1 1 1 0.823 0.052
32 43 5 1 3 1 3 3 0.106 0.115
33 45 15 1 1 1 3 3 0.117 0.092
33 45 15 1 2 1 3 3 0.221 0.086
33 45 15 1 3 1 3 3 0.442 0.079
34 47 14 1 3 1 3 3 0.098 0.092
35 48 1 2 3 1 2 6 0.214 0.152
35 48 1 2 3 1 3 7 0.23 0.14
35 48 1 2 3 1 3 7 0.31 0.03
36 51 14 1 3 1 1 1 0.762 0.053
36 51 14 1 3 1 2 2 0.012 0.335
37 52 14 1 3 1 1 1 0.749 0.06
38 54 12 1 3 1 1 1 0.609 0.175
39 55 12 1 3 1 1 1 0.526 0.104
39 55 12 1 3 1 3 3 0.194 0.159
40 56 19 1 3 1 1 1 0.6 0.135
40 56 19 1 3 1 2 2 0.284 0.106
41 58 1 2 4 1 3 7 0.38 0.091
41 58 1 2 4 1 1 5 0.774 0.093
