StudyID	OriginalID	SpeciesID	Fragmentation	InbreedingLevel	Relic	LifeStage	Interaction	ID	SE	InbreedingLevelCont	kmeansID	manual	manual_int	kmeansID_int	manual_int2	kmeansID_int2
1	1	2	1	2	3	1	1	5	0.247	0.1901092	0.5	2	2	2	2	1	1
2	1	2	1	2	3	1	3	7	0.308	0.2777315	0.5	2	2	2	2	3	3
3	2	3	1	2	3	1	1	5	0.473	0.11	0.5	2	2	2	2	1	1
4	2	3	1	2	3	1	2	6	0.122	0.213	0.5	2	2	2	2	2	2
5	2	3	1	2	3	1	3	7	0.111	0.065	0.5	2	2	2	2	3	3
6	2	3	1	2	3	1	3	7	0.21	0.128	0.5	2	2	2	2	3	3
7	2	3	1	2	3	1	3	7	0.209	0.074	0.5	2	2	2	2	3	3
8	3	4	2	1	3	1	1	1	0.868	0.043	0.5	1	1	1	1	2	2
9	3	4	3	1	3	1	1	1	0.818	0.082	0.5	1	1	1	1	2	2
10	4	5	4	1	3	1	1	1	0.83	0.074	0.5	1	1	1	1	2	2
11	4	5	4	1	3	1	3	3	0.258	0.116	0.5	1	1	3	3	2	2
12	5	6	5	1	3	1	1	1	0.181	0.368	0.5	1	1	1	1	2	2
13	5	6	5	1	3	1	2	2	0.707	0.143	0.5	1	1	2	2	2	2
14	5	6	6	2	3	1	3	7	0.114	0.129	0.5	1	2	2	3	3	2
15	6	7	7	2	1	1	3	7	-0.001	0.038	0.125	2	2	2	2	3	3
16	6	7	7	2	1	1	3	7	0.02836005	0.02670737	0.125	2	2	2	2	3	3
17	6	7	7	2	1	1	3	7	0.04774536	0.04395303	0.125	2	2	2	2	3	3
18	6	7	7	2	2	1	3	7	-0.022	0.034	0.25	2	2	2	2	3	3
19	6	7	7	2	2	1	3	7	0.054	0.028	0.25	2	2	2	2	3	3
20	6	7	7	2	2	1	3	7	0.1	0.043	0.25	2	2	2	2	3	3
21	6	7	7	2	3	1	3	7	0.072	0.045	0.5	2	2	2	2	3	3
22	6	7	7	2	3	1	3	7	0.153	0.029	0.5	2	2	2	2	3	3
23	6	7	7	2	3	1	3	7	0.25	0.042	0.5	2	2	2	2	3	3
24	6	7	7	2	4	1	3	7	0.198	0.066	0.75	2	2	2	2	3	3
25	6	7	7	2	4	1	3	7	0.265	0.033	0.75	2	2	2	2	3	3
26	6	7	7	2	4	1	3	7	0.37	0.05	0.75	2	2	2	2	3	3
27	7	9	4	1	3	1	1	1	0.865	0.044	0.5	1	1	1	1	2	2
28	7	9	4	1	3	1	2	2	0.084	0.155	0.5	1	1	2	2	2	2
29	7	9	4	1	3	1	2	2	0.016	0.041	0.5	1	1	2	2	2	2
30	7	9	4	1	3	1	3	3	0.31	0.065	0.5	1	1	3	3	2	2
31	7	9	4	1	3	1	3	3	-0.014	0.036	0.5	1	1	3	3	2	2
32	7	9	4	1	3	1	3	3	0.053	0.092	0.5	1	1	3	3	2	2
33	7	9	4	1	3	1	3	3	0.27	0.052	0.5	1	1	3	3	2	2
34	7	9	4	1	3	1	3	3	0.238	0.148	0.5	1	1	3	3	2	2
35	7	9	4	1	3	1	3	3	0.288	0.08	0.5	1	1	3	3	2	2
36	7	9	4	1	3	1	4	4	0.444	0.057	0.5	1	1	4	4	2	2
37	7	9	4	1	3	1	4	4	0.64	0.072	0.5	1	1	4	4	2	2
38	7	9	4	1	3	1	4	4	0.077	0.044	0.5	1	1	4	4	2	2
39	8	10	2	1	3	1	1	1	0.716	0.027	0.5	1	1	1	1	2	2
40	8	10	2	1	3	1	2	2	0.139	0.003	0.5	1	1	2	2	2	2
41	8	10	2	1	3	1	2	2	0.074	0.003	0.5	1	1	2	2	2	2
42	8	10	2	1	3	1	2	2	0.128	0.2	0.5	1	1	2	2	2	2
43	8	10	2	1	3	1	2	2	0.015	0.008	0.5	1	1	2	2	2	2
44	8	10	2	1	3	1	3	3	0.168	0.028	0.5	1	1	3	3	2	2
45	9	11	9	2	3	1	4	8	0.347	0.041	0.5	2	2	2	2	4	4
46	9	11	9	2	3	1	4	8	0.3	0.03	0.5	2	2	2	2	4	4
47	10	12	10	2	2	1	1	5	-0.024	0.05	0.25	2	2	2	2	1	1
48	10	12	10	2	2	1	1	5	0.03	0.035	0.25	2	2	2	2	1	1
49	10	12	10	2	3	1	1	5	0.566	0.1	0.5	2	2	2	2	1	1
50	10	12	10	2	4	1	1	5	0.58	0.1	0.75	2	2	2	2	1	1
51	11	13	11	1	3	1	4	4	0.61	0.077	0.5	1	1	4	4	2	2
52	11	13	11	1	3	1	4	4	0.378	0.056	0.5	1	1	4	4	2	2
53	11	13	11	1	3	1	4	4	0.39	0.054	0.5	1	1	4	4	2	2
54	12	15	12	2	3	1	1	5	0.417	0.138	0.5	2	2	2	2	1	1
55	13	19	13	1	3	1	3	3	0.317	0.1111601	0.5	1	1	3	3	2	2
56	13	19	13	1	3	1	2	2	0.197	0.2542877	0.5	1	1	2	2	2	2
57	13	19	13	1	3	1	1	1	0.779	0.1397771	0.5	1	1	1	1	2	2
58	14	20	9	2	3	1	3	7	0.143	0.079	0.5	2	2	2	2	3	3
59	14	20	9	2	3	1	1	5	-0.081	0.21	0.5	2	2	2	2	1	1
60	14	20	9	2	3	1	2	6	-0.048	0.146	0.5	2	2	2	2	2	2
61	15	21	13	1	1	1	3	3	0.165	0.084	0.125	1	1	3	3	2	2
62	15	21	13	1	2	1	3	3	0.119	0.074	0.25	1	1	3	3	2	2
63	15	21	13	1	1	1	3	3	0.027	0.063	0.125	1	1	3	3	2	2
64	15	21	13	1	2	1	3	3	0.054	0.049	0.25	1	1	3	3	2	2
65	16	23	14	1	3	1	4	4	0.2	0.05	0.5	1	1	4	4	2	2
66	16	23	14	1	3	1	3	3	0.3	0.1	0.5	1	1	3	3	2	2
67	16	23	14	1	3	1	3	3	0.25	0.1	0.5	1	1	3	3	2	2
68	17	24	13	1	2	1	4	4	0.202	0.074	0.25	1	1	4	4	2	2
69	17	24	13	1	1	1	4	4	0.123	0.066	0.125	1	1	4	4	2	2
70	17	24	13	1	2	1	4	4	0.121	0.064	0.25	1	1	4	4	2	2
71	17	24	13	1	1	1	4	4	0.064	0.077	0.125	1	1	4	4	2	2
72	18	25	15	1	3	1	4	4	0.296	0.04	0.5	1	1	4	4	2	2
73	18	25	15	1	3	1	4	4	0.236	0.063	0.5	1	1	4	4	2	2
74	18	25	15	1	4	1	1	1	0.892	0.053	0.75	1	1	1	1	2	2
75	18	25	15	1	3	1	1	1	0.539	0.124	0.5	1	1	1	1	2	2
76	18	25	15	1	4	1	3	3	0.127	0.091	0.75	1	1	3	3	2	2
77	18	25	15	1	3	1	3	3	0.045	0.079	0.5	1	1	3	3	2	2
78	19	26	11	1	3	1	3	3	0.199	0.033	0.5	1	1	3	3	2	2
79	19	26	11	1	3	1	3	3	0.189	0.047	0.5	1	1	3	3	2	2
80	19	26	11	1	3	1	1	1	0.545	0.118	0.5	1	1	1	1	2	2
81	19	26	11	1	3	1	2	2	0.074	0.054	0.5	1	1	2	2	2	2
82	19	26	11	1	3	1	3	3	0.238	0.05	0.5	1	1	3	3	2	2
83	20	27	10	2	3	1	2	6	0.143	0.268	0.5	2	2	2	2	2	2
84	21	28	5	1	3	1	1	1	0.717	0.061	0.5	1	1	1	1	2	2
85	22	29	5	1	3	1	3	3	0.33	0.022	0.5	1	1	3	3	2	2
86	22	29	5	1	3	1	3	3	0.29	0.021	0.5	1	1	3	3	2	2
87	23	32	15	2	3	1	4	8	0.251	0.028	0.5	2	2	2	2	4	4
88	23	32	15	2	3	1	4	8	0.439	0.033	0.5	2	2	2	2	4	4
89	23	32	15	2	3	1	4	8	0.171	0.057	0.5	2	2	2	2	4	4
90	23	32	16	2	3	1	4	8	0.333	0.036	0.5	2	2	2	2	4	4
91	23	32	16	2	3	1	4	8	0.49	0.04	0.5	2	2	2	2	4	4
92	23	32	16	2	3	1	4	8	0.045	0.072	0.5	2	2	2	2	4	4
93	23	32	17	2	3	1	4	8	0.395	0.108	0.5	2	2	2	2	4	4
94	23	32	17	2	3	1	4	8	0.474	0.159	0.5	2	2	2	2	4	4
95	23	32	17	2	3	1	4	8	0.04	0.077	0.5	2	2	2	2	4	4
96	24	33	8	1	3	1	3	3	0.244	0.005	0.5	1	1	3	3	2	2
97	24	33	8	1	3	1	3	3	0.177	0.006	0.5	1	1	3	3	2	2
98	24	33	8	1	3	1	3	3	0.219	0.005	0.5	1	1	3	3	2	2
99	24	33	8	1	3	1	2	2	-0.054	0.005	0.5	1	1	2	2	2	2
100	25	34	15	1	1	1	3	3	0.054	0.039	0.125	1	1	3	3	2	2
101	25	34	15	1	1	1	3	3	0.069	0.036	0.125	1	1	3	3	2	2
102	25	34	15	1	2	1	3	3	0.151	0.024	0.25	1	1	3	3	2	2
103	25	34	15	1	2	1	3	3	0.202	0.028	0.25	1	1	3	3	2	2
104	25	34	15	1	2	1	2	2	0.036	0.01	0.25	1	1	2	2	2	2
105	25	34	15	1	2	1	3	3	0.135	0.014	0.25	1	1	3	3	2	2
106	26	35	15	1	1	1	3	3	0.048	0.033	0.125	1	1	3	3	2	2
107	26	35	15	1	2	1	3	3	0.046	0.05	0.25	1	1	3	3	2	2
108	26	35	15	1	3	1	3	3	0.053	0.056	0.5	1	1	3	3	2	2
109	26	35	15	1	1	1	3	3	0.062	0.036	0.125	1	1	3	3	2	2
110	26	35	15	1	2	1	3	3	0.055	0.055	0.25	1	1	3	3	2	2
111	26	35	15	1	3	1	3	3	0.048	0.068	0.5	1	1	3	3	2	2
112	26	35	15	1	1	1	3	3	0.183	0.076	0.125	1	1	3	3	2	2
113	26	35	15	1	2	1	3	3	0.195	0.094	0.25	1	1	3	3	2	2
114	26	35	15	1	3	1	3	3	0.305	0.131	0.5	1	1	3	3	2	2
115	27	36	15	1	1	1	1	1	0.314	0.073	0.125	1	1	1	1	2	2
116	27	36	15	1	2	1	1	1	0.486	0.088	0.25	1	1	1	1	2	2
117	27	36	15	1	3	1	1	1	0.958	0.015	0.5	1	1	1	1	2	2
118	28	38	10	2	1	1	4	8	0.05	0.154	0.125	2	2	2	2	4	4
119	28	38	10	2	1	1	4	8	-0.03	0.459	0.125	2	2	2	2	4	4
120	28	38	10	2	2	1	4	8	0.06	0.208	0.25	2	2	2	2	4	4
121	28	38	10	2	2	1	4	8	0.01	0.489	0.25	2	2	2	2	4	4
122	28	38	10	2	3	1	4	8	0.15	0.171	0.5	2	2	2	2	4	4
123	28	38	10	2	3	1	4	8	0.07	0.448	0.5	2	2	2	2	4	4
124	28	38	10	2	4	1	4	8	0.19	0.233	0.75	2	2	2	2	4	4
125	28	38	10	2	4	1	4	8	0.11	0.552	0.75	2	2	2	2	4	4
126	29	40	7	2	4	1	3	7	0.264	0.026	0.75	2	2	2	2	3	3
127	29	40	7	2	4	1	3	7	0.376	0.047	0.75	2	2	2	2	3	3
128	30	41	5	1	3	1	3	3	0.326	0.142	0.5	1	1	3	3	2	2
129	31	42	14	1	3	1	1	1	0.823	0.052	0.5	1	1	1	1	2	2
130	32	43	5	1	3	1	3	3	0.106	0.115	0.5	1	1	3	3	2	2
131	33	45	15	1	1	1	3	3	0.117	0.092	0.125	1	1	3	3	2	2
132	33	45	15	1	2	1	3	3	0.221	0.086	0.25	1	1	3	3	2	2
133	33	45	15	1	3	1	3	3	0.442	0.079	0.5	1	1	3	3	2	2
134	34	47	14	1	3	1	3	3	0.098	0.092	0.5	1	1	3	3	2	2
135	35	48	1	2	3	1	2	6	0.214	0.152	0.5	2	2	2	2	2	2
136	35	48	1	2	3	1	3	7	0.23	0.14	0.5	2	2	2	2	3	3
137	35	48	1	2	3	1	3	7	0.31	0.03	0.5	2	2	2	2	3	3
138	36	51	14	1	3	1	1	1	0.762	0.053	0.5	1	1	1	1	2	2
139	36	51	14	1	3	1	2	2	0.012	0.335	0.5	1	1	2	2	2	2
140	37	52	14	1	3	1	1	1	0.749	0.06	0.5	1	1	1	1	2	2
141	38	54	12	1	3	1	1	1	0.609	0.175	0.5	1	1	1	1	2	2
142	39	55	12	1	3	1	1	1	0.526	0.104	0.5	1	1	1	1	2	2
143	39	55	12	1	3	1	3	3	0.194	0.159	0.5	1	1	3	3	2	2
144	40	56	19	1	3	1	1	1	0.6	0.135	0.5	1	1	1	1	2	2
145	40	56	19	1	3	1	2	2	0.284	0.106	0.5	1	1	2	2	2	2
146	41	58	1	2	4	1	3	7	0.38	0.091	0.75	2	2	2	2	3	3
147	41	58	1	2	4	1	1	5	0.774	0.093	0.75	2	2	2	2	1	1
