0.062 0.214 0.366
0.09 0.23 0.37
0.28 0.31 0.34
0.0568908 0.247 0.4371092
0.0302685 0.308 0.5857315
0.289 0.38 0.471
0.681 0.774 0.867
0.363 0.473 0.583
-0.091 0.122 0.335
0.046 0.111 0.176
0.082 0.21 0.338
0.135 0.209 0.283
0.825 0.868 0.911
0.736 0.818 0.9
0.756 0.83 0.904
0.142 0.258 0.374
0.465 0.6 0.735
0.178 0.284 0.39
0.006 0.098 0.19
-0.187 0.181 0.549
0.564 0.707 0.85
-0.015 0.114 0.243
0.238 0.264 0.29
0.329 0.376 0.423
-0.039 -0.001 0.037
0.00165268 0.02836005 0.05506742
0.00379233 0.04774536 0.09169839
-0.056 -0.022 0.012
0.026 0.054 0.082
0.057 0.1 0.143
0.027 0.072 0.117
0.124 0.153 0.182
0.208 0.25 0.292
0.132 0.198 0.264
0.232 0.265 0.298
0.32 0.37 0.42
0.422 0.526 0.63
0.035 0.194 0.353
0.821 0.865 0.909
-0.071 0.084 0.239
-0.025 0.016 0.057
0.245 0.31 0.375
-0.05 -0.014 0.022
-0.039 0.053 0.145
0.218 0.27 0.322
0.09 0.238 0.386
0.208 0.288 0.368
0.387 0.444 0.501
0.568 0.64 0.712
0.033 0.077 0.121
0.689 0.716 0.743
0.136 0.139 0.142
0.071 0.074 0.077
-0.072 0.128 0.328
0.007 0.015 0.023
0.14 0.168 0.196
0.306 0.347 0.388
0.27 0.3 0.33
-0.074 -0.024 0.026
-0.005 0.03 0.065
0.466 0.566 0.666
0.48 0.58 0.68
0.533 0.61 0.687
0.322 0.378 0.434
0.336 0.39 0.444
0.689 0.749 0.809
0.279 0.417 0.555
0.709 0.762 0.815
-0.323 0.012 0.347
0.2058399 0.317 0.4281601
-0.0572877 0.197 0.4512877
0.6392229 0.779 0.9187771
-0.291 -0.081 0.129
-0.194 -0.048 0.098
0.064 0.143 0.222
0.081 0.165 0.249
0.045 0.119 0.193
-0.036 0.027 0.09
0.005 0.054 0.103
-0.009 0.106 0.221
0.184 0.326 0.468
0.15 0.2 0.25
0.2 0.3 0.4
0.15 0.25 0.35
0.128 0.202 0.276
0.057 0.123 0.189
0.057 0.121 0.185
-0.013 0.064 0.141
0.256 0.296 0.336
0.173 0.236 0.299
0.839 0.892 0.945
0.415 0.539 0.663
0.036 0.127 0.218
-0.034 0.045 0.124
0.166 0.199 0.232
0.142 0.189 0.236
0.427 0.545 0.663
0.02 0.074 0.128
0.188 0.238 0.288
-0.125 0.143 0.411
0.771 0.823 0.875
0.656 0.717 0.778
0.308 0.33 0.352
0.269 0.29 0.311
0.434 0.609 0.784
0.223 0.251 0.279
0.406 0.439 0.472
0.114 0.171 0.228
0.297 0.333 0.369
0.45 0.49 0.53
-0.027 0.045 0.117
0.287 0.395 0.503
0.315 0.474 0.633
-0.037 0.04 0.117
0.239 0.244 0.249
0.171 0.177 0.183
0.214 0.219 0.224
-0.059 -0.054 -0.049
0.015 0.054 0.093
0.033 0.069 0.105
0.127 0.151 0.175
0.174 0.202 0.23
0.026 0.036 0.046
0.121 0.135 0.149
0.025 0.117 0.209
0.135 0.221 0.307
0.363 0.442 0.521
0.015 0.048 0.081
-0.004 0.046 0.096
-0.003 0.053 0.109
0.026 0.062 0.098
0 0.055 0.11
-0.02 0.048 0.116
0.107 0.183 0.259
0.101 0.195 0.289
0.174 0.305 0.436
0.241 0.314 0.387
0.398 0.486 0.574
0.943 0.958 0.973
-0.104 0.05 0.204
-0.489 -0.03 0.429
-0.148 0.06 0.268
-0.479 0.01 0.499
-0.021 0.15 0.321
-0.378 0.07 0.518
-0.043 0.19 0.423
-0.442 0.11 0.662
